Hidden Layer Weights (w1):
7.015665690023356049e-01 -8.466325236519289810e-02 -8.637875092259097443e-01 -8.678192328471971972e-01 9.875044026205406222e-01 -4.026136627443093197e-01 -3.582380662152686579e-01 -3.906940007309074314e-01
-6.818592763787032496e-01 6.896927335367766254e-01 1.783564854164469970e-01 -4.021230409131382189e-02 -4.410376578346864029e-02 -5.504286795903075014e-01 3.567895052497009889e-01 2.739794349472812751e-01
9.752560833052930089e-01 4.256785492959853645e-01 -5.228494248468968930e-01 -3.565282570180638988e-01 4.601175334355949165e-01 -3.131800921093308432e-01 5.799490542911429625e-01 -9.608275415618254822e-01
5.941859898662003037e-01 -9.404138616477935031e-01 4.071575827944970971e-01 -2.371117269957112583e-01 4.479771577620039746e-01 -9.056512406298899975e-02 -8.728518943942669139e-01 1.999252327373528537e-01
6.929563767699049581e-01 -6.956244331759797728e-01 -8.947091203615498145e-02 -5.041232642045923029e-01 9.103526148458751521e-02 -5.919336019511487468e-01 -1.635469364602712972e-01 -8.942376934251143883e-01
8.067977803430523842e-01 7.919796581245031053e-01 -2.639919831517612003e-01 6.094077940418296535e-02 -4.187761346467855361e-02 -8.580152604243578285e-01 2.182264153408870477e-01 -9.348345359166951862e-01
-9.175116680929134017e-01 -8.027787575701237355e-01 4.151907779199104365e-01 -4.131848564813322966e-01 -5.998629043746173117e-01 -7.854960752652682121e-01 2.028605060024761819e-01 5.565165906215385760e-01
-3.264468402329665508e-01 1.754625887343501667e-01 -3.166486410318463118e-01 -2.356534682008377679e-01 -2.548394348278448795e-02 -8.589142967087821656e-01 -5.494738792704358943e-01 -3.982258880715656701e-01
-8.887019158062767765e-01 9.271093240319410178e-01 -3.701893361581576336e-01 -5.201007665093131394e-01 -6.313523560521172584e-03 -7.085632613494246002e-01 -3.957171508704715457e-02 8.503559312705526452e-01
2.465167840996911330e-01 7.927465192490230628e-01 4.018029482142810860e-01 2.787787448832188542e-01 -1.708074963168260130e-01 -1.435555708052314028e-01 -4.190430639212385788e-01 -7.980822121014190529e-01
-3.962858773803967782e-01 -3.314673114539221643e-01 -1.871147915439699272e-01 -6.277434537483317367e-01 -7.670103293529204613e-01 1.459589991794334463e-01 -6.629211291090728597e-01 -2.625360178070650363e-01
-2.634315133546931698e-01 -5.528486397808762831e-01 -1.973095026351023851e-01 -7.150324992598955376e-01 -1.877454432987148980e-01 -9.458946554704845688e-01 -5.418904376003790269e-01 6.542948483261246118e-02
3.534686294375370963e-01 1.245665919609661998e-01 7.439801568240786978e-01 3.571114846539147347e-01 -1.580598536500057438e-01 -6.233232321560127076e-01 -8.377356189074427473e-01 3.280313265857695004e-01
-7.308183887530674827e-01 6.094332014782182227e-01 4.697878095627006090e-01 -1.020272978413057086e-01 -7.461119541043959025e-01 -2.177075335814118162e-01 9.129786244231781200e-01 -3.718538812310754338e-01
4.217320210952801851e-02 8.537466575423264814e-01 7.338754728403622529e-01 2.722427792988053596e-01 6.009134665948900889e-01 -2.755117241843749731e-01 -7.797014030139903795e-02 5.881423794702691499e-01
7.168885805825753188e-02 6.135238280254073917e-01 -1.139210775842225409e-02 -7.195062040814605986e-01 3.375669018567770685e-01 3.230202306444796001e-01 -3.853244325369911127e-01 -3.493796451092396893e-01

Hidden Layer Biases (b1):
-3.125846276581398797e-01
-6.312474394820986046e-01
-8.986735409184747336e-01
3.787234742902134688e-01
8.065914582190032434e-01
6.471053494535754513e-01
3.078616348951856985e-01
6.025778013554676793e-01

Output Layer Weights (w2):
-3.465745701367084486e-02
-1.710118235843940404e-01
-4.669951491976322977e-01
7.962781079752065949e-01
-2.957534689525953553e-02
7.969523510627956053e-01
9.848928560400405097e-02
1.614418872949132666e-01
