Hidden Layer Weights (w1): #90.5%
5.931620964601931334e-01 -4.485271756135396082e-01 -3.092425269514000874e-01 -6.642005072165304558e-01 6.937521318510850854e-01 -4.429591443314948584e-01 -7.455677887687599537e-01 -2.866271504016011384e-01
6.830271575891175839e-01 6.505355768743115163e-03 -2.156360676823765310e-01 4.297423040999559518e-01 -5.630091058836785844e-01 -1.321840212445866136e-01 -1.219917982277411994e-01 -7.656353965445454879e-01
9.182036418815289203e-01 8.528231406101873802e-01 -4.632232205798945124e-01 8.494699172742508075e-01 9.779469553813808780e-01 -7.710495738170968227e-01 9.776593378395508349e-01 1.754759495960465099e-01
-4.025863553369151138e-01 7.918308392875610391e-01 6.054861893642318194e-01 7.941946842876184132e-01 -1.694684028451560742e-01 -9.187462828586998587e-01 1.444757326447780876e-01 -1.743913180784579797e-01
3.935541419434300803e-01 -3.496347864003814809e-01 -1.273004836879831903e-01 -2.963351744589806103e-01 3.557955343702168260e-01 -3.121703166472580282e-01 -6.378153696659432104e-01 -7.427979217148417135e-01
-6.390768266116149121e-01 7.414589571959766534e-01 -7.856984018934154435e-01 7.236664872446203489e-01 -4.162583888404447485e-01 7.726650675254023160e-01 -8.679306571694695993e-01 -6.459599130361854957e-01
-1.333237999503666948e-01 -2.542217597071765312e-01 2.759806043937367281e-01 -9.093177945053483313e-01 -6.657854420836148979e-01 -6.250144653743605616e-01 -8.008425913324708212e-01 -4.700337108649705886e-01
-6.927809489894849460e-01 7.447062224895046878e-01 -9.606370144909446296e-01 3.909561002397832219e-01 2.230149744391303201e-01 -3.517765701219826013e-01 -6.032197268282288860e-01 3.838942526988686765e-01
-3.802542883708368571e-01 8.042510957773703062e-01 -9.894378529597798178e-01 1.826825345469185180e-03 -2.841920340181041116e-01 -2.905170827387968391e-01 7.911169623526088657e-01 -2.110403785376187002e-01
3.736405323935920730e-01 2.520665879433447998e-03 -8.483108065381617102e-02 -9.739619090584974437e-01 -6.521966851946014998e-02 -4.434696563446260953e-02 1.919967171338807788e-01 -9.348960355734419192e-01
8.142574688109740499e-01 2.934030420134012829e-01 -4.205459291625346374e-01 8.936170719381253402e-01 -8.403169801969647690e-01 1.624269154183124453e-01 -3.292524863236234722e-01 -2.947401451889388735e-01
5.647106843431368706e-01 -6.557520234783784652e-01 -3.341122539653933465e-01 4.476600386153271049e-01 -7.693505691685182946e-01 -3.273155382265173774e-01 -5.837256353139785858e-01 -5.361257545959801085e-01
-7.028315294382070366e-01 -6.048867037776077815e-01 -4.735010114466546849e-01 -6.252019330715830048e-01 -4.211359533139129585e-01 -6.553820139252106713e-01 -7.925859453352472883e-01 -2.432463694927600173e-01
1.610642126661727680e-01 -2.069192344154267005e-01 -8.782973155288251732e-01 4.131160695140396744e-01 -2.466759685699699833e-01 -6.209277744126202592e-01 2.817965462888969430e-01 -6.754149740102071142e-01
3.851680301824038644e-01 2.758316883869600389e-01 -7.213358768355659922e-01 6.736193735040170161e-01 1.370269742855168005e-02 -4.335892694882654830e-01 9.283327625642707748e-01 -3.932256256128812133e-01
4.571029400313175728e-04 4.307106400593234685e-01 2.923173243453851544e-01 -9.736269714627385774e-01 -9.621436337226383362e-01 4.437660438758084247e-02 -9.270944112183849839e-01 -8.907340631622537863e-01

Hidden Layer Biases (b1):
-7.564258727245711800e-01
-8.045195682873829135e-02
2.014169428987719890e-01
5.854057911831642702e-01
7.428986088675668675e-01
3.517964999534879400e-01
8.504873293632375653e-01
7.898767882001209717e-01

Output Layer Weights (w2):
2.135801280527145352e-01
3.631010795103859490e-01
-4.322430735368700816e-01
2.802478502151695139e-02
-1.325709343535077522e-01
-7.973868337019298647e-01
-1.457243143549022957e-01
-9.776833014636407970e-01
